CartPole-v1:
  batch_size: 32
  buffer_size: 50000
  exploration_fraction: 0.15201670660484934
  gamma: 0.9530231445658821
  learning_rate: 3.8408728402872526e-05
  target_update_interval: 8400
  train_freq: 1
