CartPole-v1:
  batch_size: 64
  buffer_size: 50000
  exploration_fraction: 0.10097461476878203
  gamma: 0.9953026864371745
  learning_rate: 0.0013298787403716048
  target_update_interval: 3600
  train_freq: 165
